19467
9069
21300
18253
19223
17286
3881
18376
23843
10899
11988
5937
10539
10770
3873
4602
3998
10652
5813
10531
10655
12830
6903
19599
18147
22527
3772
19591
23970
21559
23853
22402
11636
12848
10548
12607
13818
21790
4852
18029
10301
11874
4856
23944
18356
22614
18598
19202
18114
21762
21520
23827
19562
23706
18594
16178
17144
21529
20315
22611
21646
22975
10997
3536
11728
11607
12938
12817
10519
3773
4986
12932
22987
19697
17036
20200
17152
20320
21893
19330
21658
20447
5607
11737
10768
5600
4512
5966
10641
10765
5606
10643
18212
17002
18696
21984
17004
17005
18457
22958
19661
19662
16271
15060
20778
21624
20897
11828
5852
4884
5975
7912
5854
5856
7913
4769
10611
17137
23818
17374
19310
17012
15077
18581
20669
22722
12807
11839
5622
5623
11951
6714
4779
5506
6717
10501
18109
16132
14074
22933
19884
19400
16371
14194
20870
19880
4430
17220
4795
3583
20756
14192
10835
5996
5634
7812
6726
10710
20641
21972
19414
18204
22947
6982
17593
15299
16387
16024
15297
4322
21619
21859
10844
10849
17237
8915
19538
20179
6630
6992
13760
7960
15827
12439
13521
8803
4324
12796
13761
11464
13520
14730
13641
12678
11103
10256
15944
14976
4462
21397
13892
6885
21275
20064
10382
23698
22128
14748
23572
20063
13896
7722
4457
6877
14741
14625
12325
14987
19169
7983
8710
8952
20394
22695
22696
23664
23425
23789
13628
12539
11206
3498
10351
13981
4468
4469
13864
12412
5570
7510
21376
9810
19177
21131
7995
21373
23554
19292
11338
10128
23790
23670
9924
9801
5206
6778
9802
4117
13998
8719
5209
7629
13997
8717
13755
22559
4011
21222
19144
8854
21100
9940
17088
20372
6796
22672
18294
22310
23403
4005
4247
6427
4128
13721
11425
10335
5592
6561
4142
21234
9830
6444
17095
19274
18185
23655
23656
22446
20028
12889
11318
7767
7646
12641
7403
9826
7648
8613
10587
14823
15912
6318
13856
8859
23867
8750
19247
23748
22659
6693
6211
18396
6577
17187
4398
18398
17188
23860
18151
22651
23984
21447
13824
12978
12618
13949
13829
8868
5599
20590
10431
19008
12611
11402
10313
23757
8883
6341
8881
7312
18285
21574
21573
19374
7553
8884
20482
19013
18283
23873
5490
20369
21216
10448
343
11418
12626
13836
12989
4279
20360
12986
11653
12866
9607
12501
14691
6592
5020
4175
6473
10094
6236
13482
4170
4292
14698
7558
16755
16633
15544
8404
15301
9736
18810
13008
19902
16758
16515
5030
15790
5395
12042
8424
9513
11074
9877
7457
4189
15672
7456
6488
20900
23050
8538
14346
4059
16403
8536
19916
13498
15554
8310
8432
5164
9403
10072
15881
7467
23387
23261
17707
23262
14556
12496
16853
16611
8548
15521
14437
13469
16614
7475
8320
9893
9772
5298
8325
21099
12382
6147
12383
22185
15413
14685
15774
14447
17712
8453
8572
8330
8331
9304
12593
9302
8214
22390
14539
17807
14654
17924
11143
8328
11145
10059
12359
15505
10058
14535
14656
12238
13690
8100
7378
7138
13692
24101
23496
23015
22169
7372
5073
23372
10066
13213
17814
15632
12004
17816
18905
13333
13218
15635
11039
8233
8473
6056
10390
6297
20198
22257
6170
23580
14874
16811
11121
13302
15962
21040
20071
12453
20192
12337
20190
14877
8363
6068
9215
20086
19096
19095
7392
22148
3907
14886
11495
10167
10047
13436
18896
9100
17686
19864
6079
9104
8251
20976
24094
14059
17207
19632
17333
17575
20860
16125
15397
16001
21718
20628
17690
8383
9470
7052
3803
3925
11915
22918
16007
16248
19757
18426
18669
18751
14273
9004
12095
8276
12094
9489
16331
9362
21802
9360
21920
14157
14278
18997
17425
15009
19725
8168
9378
13198
16222
15495
9138
8281
20606
20605
14280
20965
3707
10805
17677
19978
17559
16229
12071
17883
14130
17521
14254
14495
20937
20936
8295
3715
20928
17769
12078
14135
14014
14499
3952
13173
15592
16201
15475
9039
8183
9394
9031
3969
24062
5907
16447
15478
17534
18502
19715
11081
8078
15564
12174
8194
18957
13148
16535
15445
15209
18835
16537
16781
9056
3871
16661
24048
9174
24042
18726
16305
15458
13038
14003
14487
19939
15697
4954
5801
5923
3507
4956
14249
16669