17288
17285
17286
4970
4969
4961
3632
3633
4966
17293
4972
4975
3645
3646
4977
3647
17267
18598
17268
17269
18593
18594
4991
4993
18596
18592
3653
4986
3656
3657
17277
17279
3670
3673
17270
17271
3664
4996
3668
3669
18575
20895
18576
17245
18578
20891
17242
3684
18570
20899
20897
18579
17249
3679
3690
17257
3691
18589
17251
18583
3693
17253
17254
18580
18581
17259
19885
18554
19884
17223
17224
17225
19881
20870
19880
18550
19883
17220
19882
20877
17226
17227
18559
19896
18564
20884
18565
18566
20883
19897
17236
19892
20880
19893
18563
20889
20888
17237
17238
13760
12438
12439
13763
11100
13764
13761
13762
12431
11103
13766
12440
11119
11111
11110
13775
11113
12441
11112
12442
12447
12448
11117
12446
9800
12418
12416
12417
12410
12415
12412
13743
12413
9810
9811
13753
9801
9802
12420
12425
13756
13754
9806
12424
13755
9822
9820
13727
13728
13725
13729
13720
13723
13724
13721
9817
9830
13738
12408
12405
13730
13731
9826
9829
13734
13735
13732
12402
13733
9840
9844
8510
8511
13703
13708
9836
13701
8507
13700
9852
9853
13716
13717
13718
13719
9848
8517
8514
9845
13713
8519
9861
9862
12395
8534
8535
12396
36363
12393
12394
7203
23049
23040
8528
12398
8541
9870
7211
11071
8540
8545
11074
9877
7212
8546
11076
11075
8544
9875
23050
23051
8538
8539
11077
7205
8536
9867
9868
8553
9884
9881
9882
7221
7224
8556
7223
8554
12371
23026
23029
12377
12375
7219
8548
12376
9894
8563
12380
12381
7230
9892
9893
7232
11051
12382
8565
12383
11053
23034
23035
23037
23032
7228
12389
12386
12387
8559
11059
8572
8578
13683
7245
12350
7247
23004
23007
11023
12356
11024
12359
11026
11029
13688
13689
11028
12358
13690
8583
8584
7254
13693
11030
7257
13691
8587
11032
12360
13692
7258
23015
23017
23018
7250
23011
13697
11034
13698
12367
11033
11036
11038
11039
7264
7263
8594
7266
7265
13660
14990
8598
7269
8592
8590
8591
12339
11000
12334
11003
12332
12337
11005
11004
14998
14997
12336
7275
7274
7270
7273
7272
12344
11011
13676
11014
12343
11013
13674
12348
12349
11015
13678
19863
18532
19864
20857
20854
17208
18539
18536
17207
19868
20862
7296
19873
7298
20860
19875
19870
18540
19872
18541
20869
7291
7293
20867
7295
20865
18547
19840
20837
20836
20835
20832
19848
18519
18513
18516
19852
18522
20849
20844
3705
3707
19857
23089
20814
20812
3715
3716
3718
20806
19827
19829
19822
3713
19824
3714
18500
20827
20821
23093
3729
23096
20819
23098
20817
18507
18508
18509
19839
18502
19833
18503
23090
18505
3725
19835
11081
11085
11087
11086
23067
23068
19809
23063
23064
23066
11089
19800
11092
11097
20803
20802
20801
20800
11090
3748
23076
3741
19815
19818
3744
16074
3761
16070
13805
13808
16086
3770
3772
16080
16084
16083
16081
13813
13819
13818
3766
16052
16059
16057
3783
17386
17380
17381
17382
3773
3776
3779
16066
17398
16063
3792
17395
16068
17397
16067
17390
17392
16062
16061
18696
17366
16032
16031
17368
17361
18692
17362
16034
3797
3799
17377
16047
17374
16046
17370
16010
18676
17345
20993
17342
16012
18673
16019
18678
18685
16021
17355
17350
16026
18682
16024
17353
18680
16027
13880
13881
23204
23205
12559
13884
11221
13885
11223
13883
13888
11225
11224
13886
11227
12556
13892
9910
11230
23210
23213
13895
9902
13896
9903
9900
12566
13897
9904
11237
12567
9921
12539
11207
11206
13868
13869
13862
9914
11200
9912
13861
9917
11202
9918
12536
13864
11205
13865
9931
11218
12549
13873
11210
9924
13874
12543
11212
12540
11211
12546
13877
11213
11216
9943
8612
9940
8610
12517
13849
12515
12516
12519
9935
13841
8603
9938
9953
8622
9954
8623
9951
13858
13852
8613
13855
12524
13856
13853
8618
16099
9961
8630
16098
8634
9963
16091
16093
13824
13829
9958
13822
9971
8640
7310
9970
9975
7312
9973
7313
12507
12504
343
13836
12509
13830
13833
7308
12501
7321
8650
11181
11184
8655
8656
9984
11185
8654
23168
23169
23161
8648
19903
11187
7318
8647
7317
19905
11189
19900
19902
9993
7330
7332
6001
9997
7334
8667
9998
6002
8665
20904
23177
20901
20900
23174
23175
7327
7329
19917
19916
19912
8673
8674
8672
7342
7345
12494
6014
12492
7347
6015
12493
23145
23146
23147
23140
23143
7338
8668
12496
6009
8669
7352
6021
6023
11171
6022
7356
8689
7355
6027
7358
7357
11174
8687
8681
23150
23152
23154
7349
6018
8679
8695
8693
6034
7364
6033
8694
7367
11140
8699
6035
11142
12470
7369
23123
23124
23127
6030
6029
11144
11143
11146
12474
12475
11145
11148
12479
6043
6042
12480
7376
6044
11151
12483
7378
11150
6049
7379
6048
23134
23136
7372
6040
7371
6039
12485
11157
6054
23108
7384
7387
6056
13781
7389
7388
11120
23101
7380
23105
13785
11122
11121
12453
11128
12457
13788
13792
12461
6068
7399
13790
12460
7390
7392
23115
6063
13796
13795
12464
11134
12468
20973
17321
19984
18653
6075
17322
19983
6078
17323
20970
18655
6079
19982
18651
17320
6072
20976
6073
17326
18658
17328
18659
6087
16000
6086
17333
20982
17334
19997
16004
16003
18660
17330
18661
16001
19992
18662
17331
6080
20988
6083
20987
6085
20985
3803
3804
3805
3806
16007
19999
19998
17337
18668
18669
3801
16009
20951
6098
17300
18631
6097
19964
18632
6099
18633
20957
6092
20956
20955
6093
20953
3817
17307
18639
17303
19966
3810
20962
17311
18643
19974
18644
20969
20968
20967
20965
3825
17319
17314
18645
3821
3822
17315
3823
17316
19978
19941
20937
20936
20935
20933
20931
3836
3838
3839
20928
20927
18617
19947
3832
19944
19951
20940
19953
18621
3848
3840
3843
3844
19954
19920
23188
20914
20913
20912
23183
20907
23186
20905
19921
19923
19931
3871
20924
20923
20920
23192
23195
19937
3862
3863
18607
19939
19938
19933
18601
3865
19932
18603
3867
3868
16197
16195
3881
16199
3882
16194
16192
16191
13925
13926
13927
13928
3873
3874
3876
3877
3893
12605
13936
13937
13934
13935
12604
12607
12608
13932
12602
12600
16173
16179
16178
13904
3894
3897
3899
16187
16186
16184
16189
16188
13909
16181
13913
13916
16154
17489
17484
16150
16159
16164
16169
17494
17495
17496
17490
17491
17492
16160
16132
18796
16131
18797
16136
17461
17463
17468
17475
16143
16141
17472
16145
17474
16144
16148
23329
23323
10018
11349
12674
10013
12678
10014
11347
12677
10020
12680
23336
22006
23337
23338
10024
12684
10023
11357
12689
11356
12687
10028
23306
23309
8710
23303
23304
23305
11327
8709
13989
12658
11329
12659
11320
13983
13984
13981
8701
11321
8702
8707
8708
23317
23318
8720
23312
23314
11339
11338
10007
11331
11330
12664
13995
13992
13993
11332
8713
12662
10004
13998
8719
10003
13997
8717
11306
8725
13962
12634
8729
11304
8727
13963
13964
8743
7410
7413
8741
12649
13978
11318
12641
7403
8737
7406
11311
11310
13971
7408
12645
11313
12643
12644
8750
7420
7422
8753
12617
12615
12618
13949
12619
8748
7414
8745
7416
8746
12610
12611
7431
7433
7432
8763
12628
12626
13950
8757
7427
12623
7429
12624
7440
8773
7444
7443
6115
23287
23283
23285
8769
7437
7439
6108
8767
8768
6120
7453
6122
8782
6124
7457
7456
23298
23299
23290
23293
7448
18705
18706
18707
7462
8795
6133
8792
7464
7466
8798
11282
7465
8799
6134
11285
7467
23265
23269
8791
23261
23262
23263
6128
11286
7475
11292
6143
11291
7474
11293
11296
6147
7478
23279
6140
7470
23271
11298
7469
12593
11260
11263
7489
23243
23244
23245
23249
11265
12597
11264
12595
11267
11266
6164
11270
6168
7499
6160
23259
7493
7492
11279
6174
12572
11241
23221
23222
6170
23228
11242
12573
12574
12579
11246
11249
6186
12580
11252
23233
6180
6182
23238
6183
3904
3905
3907
23230
3909
12586
11254
11253
12584
11256
12589
16110
17445
17440
16112
18771
18772
17441
6190
6192
6194
3915
16118
16115
17446
17447
18778
3910
17448
18779
3912
16119
16125
16124
17450
3924
3925
3920
17459
18751
18752
17422
18754
3937
3939
3930
17425
17426
18758
18762
17431
17433
18764
18765
16103
16102
16101
3948
16107
17439
3940
3942
17435
17436
3943
3958
3959
17407
18739
17408
3952
3953
18736
17405
17410
18741
17411
17412
3969
17418
3962
3963
17413
18744
18745
17416
3980
18713
18726
18722
18723
18724
3989
12715
3994
3997
3998
12712
12727
12725
12729
12723
12720
12721
16299
16298
16292
12703
12708
12706
12700
16273
16277
16276
16271
16270
16284
16282
16281
17585
16253
16252
17587
17583
16258
17589
16264
17597
16263
16267
17593
17590
16269
22118
22119
11461
12790
22112
23447
22116
8809
23440
11463
12795
8802
10132
8803
12796
12793
11465
8801
11464
12794
12799
11466
12797
8804
11468
22129
11470
10141
23452
23453
23455
23456
22128
10143
8813
8814
10142
8811
11476
11475
10147
10149
10148
23427
8832
7501
8830
7500
23420
23422
23425
23426
11449
10110
12774
8829
12778
11447
11446
8827
10115
23439
22108
7510
8843
8841
23430
22100
23431
23432
23433
23436
10129
10128
10121
7502
10120
7505
10123
11453
12783
8834
10125
11456
10124
11455
10126
12787
8838
23408
8854
7522
23402
23403
12759
12757
12751
7513
11421
12750
7518
11423
11422
11425
8848
8849
8860
23419
6201
6200
6203
8862
8863
23411
10107
10106
11437
12769
10108
11430
8858
11432
11434
11433
7528
8859
11435
8872
6210
7541
8875
7542
6211
6214
8873
11406
11408
12739
7536
8868
6205
7535
6207
7537
6209
7539
11402
7550
8883
6221
7552
8880
8881
7551
8886
7553
8884
11416
11418
11419
8879
12740
6215
12741
7549
11410
8877
6218
8878
12744
12745
11414
12743
11413
8893
10091
6230
7560
8891
7564
6233
10094
6236
7567
10096
7566
22077
22078
8890
22071
22073
18818
22074
22076
7558
6226
7557
18815
8888
18817
18810
18811
6241
6243
6242
6245
6246
22089
7570
22085
6237
18826
18827
18824
7583
7582
10070
7584
7587
6255
10072
6258
7589
10074
6257
22055
23387
23389
23381
22051
22052
23383
23385
6249
7579
10079
7596
7598
10084
6269
6268
10085
23397
23398
23399
7590
7592
6260
7591
23392
22061
23393
18807
18809
23396
18803
18800
18801
11383
23364
23365
6270
22038
22039
23361
22030
23362
11386
10055
10056
10059
11389
10058
6285
11390
6286
6289
11393
11394
22044
23379
22049
6280
6282
23370
23371
23372
22043
11397
10066
10068
6295
6298
6297
11361
23342
22014
23346
23340
23341
12696
12697
12694
11365
11367
10036
12699
23353
23355
22026
22027
22029
22021
11377
10048
10047
11378
10049
18894
16230
18896
17566
18891
17560
18892
17561
18893
17562
16239
16238
16236
18898
17568
17575
16248
16247
18873
17543
16212
18871
16217
17549
16216
17545
17546
18879
18884
17553
16224
18881
17550
16222
18882
16221
17556
17557
18889
17559
16229
18850
17521
18853
17525
18861
17530
18862
17531
17532
17533
16201
16200
18860
17538
17539
16203
17534
16209
17509
22095
22098
18837
17507
17501
18833
18835
18841
17511
17517
17518
18849
17519
18843
18845
17514
12836
11504
11503
12839
12833
12830
11501
12847
11515
12848
11514
12845
12849
12840
12843
12842
11512
15085
15082
12818
12817
15097
15095
12825
15065
15068
15067
16398
15061
16392
15060
16391
15076
15075
15078
15077
15072
15071
15070
12804
12807
12808
12800
16374
16373
16371
16378
15047
15046
16376
8907
8908
8901
16379
16385
15054
15051
16382
15058
15057
16388
16387
16386
15055
16381
15050
16380
8912
8910
15059
8916
8915
22239
8930
23565
22235
22236
23568
22238
22230
8923
11583
11586
8921
11588
10257
10256
11589
11591
7611
8940
7610
22243
23574
22246
22247
23571
23572
22241
10264
11594
10263
7604
8933
11596
8938
7608
22217
22219
8952
12890
7620
11560
7621
22211
23543
22212
22214
23545
23546
22215
22216
8945
11562
12895
7612
8943
10232
8949
10234
12899
11568
7619
10237
12897
7618
22228
22229
7631
10240
6302
11570
23551
22220
23552
22223
23554
22224
23555
22225
10249
23550
10242
10241
8955
10243
11574
11577
7628
11579
8958
7629
10247
23526
23528
7642
11547
12878
10218
6304
8967
12872
7635
8968
8965
11542
7637
12871
8969
10215
7651
8985
8986
12880
22200
23534
22203
11559
12889
7646
12883
7645
8979
12884
8976
6317
7648
6318
11557
8992
8993
8990
7661
8991
6330
8994
8995
6334
23501
11528
6326
7657
6328
7658
11524
12853
23515
23516
7670
23517
5010
7672
6341
23519
6343
6345
23510
10206
10205
12868
12861
5005
6337
6339
5007
11531
7669
11530
5009
10201
12866
11534
10203
6351
5020
7684
5022
5024
6354
7688
22196
5016
18935
7679
6348
18936
17606
6349
17607
17600
18931
18932
17603
5030
6363
17610
6366
5034
6365
7696
5036
7699
6368
5027
18946
6358
17616
5029
17612
18943
6373
5041
5042
10191
5045
6377
10193
5047
6378
22176
6371
5040
22171
18918
18919
5038
18913
10197
6369
18915
18911
6383
5054
6386
5055
6389
22188
22189
6380
5050
6382
6381
22180
22181
22185
22186
18927
18920
5064
5065
6399
10171
5069
10173
22158
6391
5062
23480
23481
23483
23484
22153
10178
10179
5074
5076
10181
10183
23496
23499
22168
22169
5073
22160
22161
22162
22163
23494
10187
10189
18904
18905
10188
22135
22130
10153
11484
5096
5097
11490
10160
10163
23474
23476
5090
23477
22148
22141
23472
11495
11498
10167
11497
11499
17686
17687
16355
17681
16354
15022
17683
15028
15027
17689
15032
17695
15031
15030
17697
17691
17692
17693
16365
17690
15038
17663
17665
15003
18990
16332
15001
18992
16331
15000
15004
17666
18997
18998
17668
15009
18999
15008
15010
17670
17671
15018
16348
15017
15016
17677
17679
18972
18973
16312
18970
16316
16315
17649
17646
16318
17647
18978
16322
18980
16327
16325
17655
18987
18988
18950
18951
17621
18957
18958
17622
18953
17624
18955
18960
17630
17637
16305
17638
18969
16304
17639
18964
16306
23604
23606
11625
11626
12959
12950
11621
12953
12954
23614
23619
23610
23611
23613
11636
12968
12967
10309
11639
10301
11632
10300
12962
11602
12936
11604
11607
12937
12938
12931
12932
11601
12946
11615
12945
11617
12949
11619
12942
11612
12941
15184
15187
12909
15180
12913
12911
12912
15197
15196
15199
15193
15192
12922
12929
12927
12920
16494
16493
15168
16496
16491
15160
15175
15179
15178
15176
15170
12902
12900
12907
21027
21026
7721
10372
21022
7720
10371
22353
23686
23687
22359
7719
23681
10374
7714
7715
21039
21035
10380
7732
10383
10382
23696
22367
23698
22368
22369
23690
22361
23692
10385
7723
21030
7722
7725
7727
10389
21004
21002
7740
10350
11681
6411
7742
23661
22333
23664
21009
22336
22337
10352
10351
7733
6402
10354
10353
6404
10356
11687
7738
6406
10357
6408
7739
22349
7750
21011
22341
22344
23676
22346
21019
23670
23671
6414
11693
7747
11696
10365
6415
10367
10368
6419
23647
22317
7760
6432
6433
22310
23641
23642
23643
22315
10337
10330
12993
11660
12994
6427
11663
7757
11662
12992
10331
6426
10334
7759
12998
11664
12995
10335
22327
22329
5112
7773
5113
6444
23650
23651
22320
23652
23653
23655
23656
22325
22326
10349
10348
5104
7767
6436
6435
7766
10343
11674
6437
11673
10342
11676
10344
10347
23625
6452
23628
23629
6453
7784
5123
5124
6455
5125
23620
23623
23624
10318
10317
12978
5115
6447
11640
10312
12976
10311
12974
10313
11644
22306
7791
22307
6462
6465
22309
7796
6464
7798
22300
23631
23632
22302
22303
23634
22304
12988
12989
11650
6458
7789
12983
5127
10321
5129
12986
11653
10325
10324
5140
6472
5141
6471
6473
6476
5146
6477
5137
6469
5138
7799
17727
5139
17723
5153
17731
16400
5158
6488
5150
6479
16403
16407
17734
6496
5164
5165
6498
5167
5169
22299
6490
6491
22290
22291
17707
22294
22295
22296
17703
17704
17700
5175
5179
5172
17718
17714
17715
17716
17710
17712
5184
5188
10292
10294
5182
5183
22270
22273
10297
10298
5196
5198
5199
22289
5191
5192
22280
22284
22285
10271
10270
10272
23584
23585
22257
23589
23580
10279
23596
22265
23597
22267
23598
23591
22260
23593
10289
16473
16472
15144
16474
15143
15148
15147
15153
16487
16485
15159
15158
17784
15124
16453
15121
17782
16458
16457
15126
15125
17788
15129
16460
15134
15132
17793
16469
15137
16433
15102
15101
15106
17769
15104
16434
15109
17767
16440
15113
15111
16441
15110
16447
15115
17776
17777
17741
17742
16411
17747
16414
17749
17743
16419
17744
16417
17746
16416
17750
17751
17752
16420
17759
16429
16427
17757
23727
23720
23721
23722
10415
11748
11747
10411
10410
10413
10412
22404
22405
23736
23738
23739
22409
22402
10425
10428
11759
10420
11752
11754
23702
23704
23706
23707
11728
11727
11720
23711
11737
11733
10402
11701
11703
11700
11712
11715
11716
7802
7804
7803
11710
15284
7818
7810
7813
7812
7817
15296
15295
15293
15299
15297
7829
7821
7823
7826
7827
21148
21146
7842
6510
10492
22475
22477
22479
6501
7835
6503
7836
6505
7838
21156
7851
21154
7852
22485
22489
22481
22482
7846
6515
6517
7847
6516
7849
21124
7862
21123
7861
5200
7864
6533
23782
22452
22453
23785
23789
22450
6524
6526
10477
7859
7858
21138
7871
21134
7873
5211
21132
6543
21131
7874
5213
22466
22467
23798
23790
10484
6535
6534
6537
5205
5206
7867
7869
5209
21104
23769
7882
7881
21101
7884
5221
5222
21100
6555
11780
7885
22430
23761
22431
23763
21109
23765
21106
23767
10451
10450
5215
7879
11784
7878
11783
10454
7891
21114
5230
6561
21113
5234
6566
5235
6565
23772
23773
22443
22444
22445
21118
22446
22447
10469
23770
6557
10462
5225
6556
5227
5228
11797
11796
11798
10467
6570
22416
23748
22419
5244
5245
6577
6576
23740
22412
23745
22414
10436
10439
7898
6567
10431
5239
11761
10433
11766
11765
22426
5250
23757
5251
23758
22428
6586
5254
5257
23751
23753
23756
10448
5247
5249
11775
6593
6592
6595
6594
17841
6599
5268
6591
5260
5259
17847
6589
17848
16511
17843
16515
5273
16521
16520
5278
5279
17857
17858
16524
16523
16529
16526
5287
21089
17829
17820
21081
17822
17823
5294
5296
5298
21099
5290
5291
5293
16508
16502
17837
17831
16507
16506
17832
21092
21090
21069
22397
22399
22390
17807
17808
17809
21063
21062
17804
21078
17814
21074
21073
17815
17816
21071
17811
21049
10390
21047
21046
10392
21044
22372
21042
10395
21040
10397
21059
21057
22385
22386
22380
22382
22384
21051
21050
16594
15261
16591
16597
16590
15273
15278
15277
15276
15279
16570
16575
15243
15242
16579
16578
15251
15250
16580
16587
15255
15258
16588
17882
17883
15223
16560
16565
16564
15233
17890
15232
15231
16569
16568
15236
16566
17897
17898
17862
16530
16535
17869
16534
15202
17864
15209
15208
16539
15206
16537
17867
16543
16547
17879
15216
16546
15215
16544
15213
17875
15219
16549
16548
17878
23845
23846
22517
22518
23841
22511
23843
11866
10537
10539
10531
10533
22527
22529
23852
22521
23853
10547
11878
11877
10548
11870
11871
11874
11876
23824
23825
23827
23822
10513
10516
11846
10515
10519
11841
10510
11840
11843
10511
23834
23836
23831
22500
22502
7907
10527
10529
10528
7900
7903
7905
7904
14096
14097
14094
23805
23806
23808
14092
14090
23800
7918
11823
11828
7910
7912
7913
7916
11821
11820
23818
23811
11834
7929
7928
10506
10509
11839
23809
7920
7923
11830
10501
7926
11831
14074
14078
14079
7941
11801
6609
11800
6608
11805
11804
11806
6601
7932
6603
7936
7935
7938
6607
7937
14083
14089
7952
6621
11809
14082
14080
11812
11815
6611
7942
6614
7945
7947
6616
7949
7948
21269
6630
7960
6632
21264
22596
22592
22593
21261
7956
6625
6624
6627
7959
6628
6641
21276
6640
21275
7974
6642
7964
21272
5303
7966
5305
6638
21247
21246
7983
6651
7982
7985
5323
6653
22574
22575
22578
5313
7978
6646
5316
6649
5318
10597
21258
21257
21256
21255
4000
5331
7993
7996
5333
6664
7995
22582
5324
5325
6658
5327
7988
5329
22559
21224
21223
5342
4011
21222
5343
6673
21220
4013
22550
22551
23883
21228
23888
23880
4005
10571
6668
4008
10575
10577
21237
5350
21236
21235
4020
21234
5354
4023
21232
6687
6686
23893
22562
22564
21239
22568
22560
5346
4016
4017
5349
4018
10587
4019
6692
22536
23867
21204
6691
4031
22538
5362
6693
5363
6695
5366
4036
23860
22530
21209
23862
22532
23865
22535
10558
11888
11881
11880
4028
11887
21215
23878
22547
21214
4041
21213
5375
21210
4045
4046
4047
23871
22540
22541
22542
23873
21219
22543
23874
21218
21217
22545
23876
21216
5370
11892
4038
6699
5369
4039
11893
11896
11895
10567
10566
4052
17960
17961
5385
17962
4054
16630
4056
5380
15309
15304
15303
16634
16633
15301
15308
16638
17966
17971
5394
17972
5395
16642
5398
15310
4067
5390
4059
15317
17976
17977
17940
4072
16612
16611
17948
16617
16614
4085
4088
4089
4081
16622
17952
16628
17954
4095
4098
21189
4099
21186
4092
4093
17923
17924
21183
17925
17921
21198
21197
16609
17939
17934
17937
21191
16605
17931
17932
16603
21168
21165
22496
22498
17909
17906
21162
17900
21179
17919
17913
21172
21170
14052
14050
15382
14056
14054
14055
15380
14059
15389
15395
14064
15398
15397
15390
16693
15362
16691
15360
16697
14035
15365
15364
16698
15367
14037
15372
15370
15375
15374
14049
14047
16671
16674
16678
14014
16676
14018
14019
16681
14020
16680
15355
14024
15353
15359
14027
16689
16688
14025
16687
14026
14029
17983
17984
16652
15321
16651
17980
17989
16657
16656
16655
15329
17987
16658
17994
15333
16663
15330
16661
16667
14003
16665
14004
15338
16669
23966
21302
22637
21300
21309
23962
21307
21306
21305
23965
10657
11988
10658
10651
11982
11981
10652
10655
11986
11985
10654
21313
21311
22649
23970
22640
23975
21315
23976
10669
11991
11990
10662
11993
11995
11996
10665
23944
22613
22614
23947
22610
22611
11965
10637
11968
10638
11960
11962
11964
23955
23957
22626
23951
11977
11976
10647
10649
11971
10641
10644
10643
23924
10612
11946
10615
11945
6709
11949
23919
11940
10611
6705
10610
22604
23935
23936
22605
22606
22607
23938
22608
22601
6719
10623
11957
6713
6712
11951
6714
11950
6717
6716
10621
23900
14194
23906
6731
14198
5400
23907
14192
14190
11922
6729
11924
11926
11927
6724
6723
6726
6727
23912
23916
6742
6741
11933
11932
10601
11935
10604
11937
10607
5405
11931
6739
10600
5408
20058
21389
21386
5421
21384
20053
19063
19062
21383
5413
6746
21380
6745
5416
6748
6747
5418
6749
20069
20068
21398
21397
19077
5431
21396
5432
4101
6764
21395
20064
6763
19079
19076
19075
16806
20063
6755
20062
20061
5426
6756
5427
16803
5428
16802
5429
16801
19049
19048
19045
4110
5441
19044
20033
21364
4111
5443
4112
5444
6774
20031
4113
22694
22695
22696
22697
20039
22690
5434
6765
5435
5436
4105
5439
6769
6780
19059
21379
5451
21377
21376
20045
4121
21375
4123
21373
19057
19053
20041
4115
5446
4116
6779
6778
4117
4118
19026
5461
6792
21343
10690
6796
22672
22676
22677
6788
5457
10692
4128
6789
21357
5472
21356
4142
21355
5473
19039
21354
19036
22686
22687
20029
21359
20028
6799
5468
5469
23988
19005
21325
5481
21324
4151
22659
5483
19001
21320
5486
4156
4157
23981
22651
21329
22653
23984
22654
21328
23986
22655
5480
10678
5479
10670
10672
19009
19008
5492
19016
4161
19015
21334
4163
4164
20002
19012
5497
20000
21330
19013
22660
23994
22663
20009
22665
21339
21338
5490
23998
21337
5491
10682
5489
10681
4159
10683
10686
10685
19019
10688
4172
4175
16751
4178
4170
4171
16756
15425
16755
16754
15429
16758
4184
14100
16761
4189
4182
14102
16765
14103
15438
14106
14107
4191
4192
4193
16739
15408
16737
15405
16736
16735
15410
16741
16740
15414
15413
15412
15411
16742
15418
15417
16719
16717
16712
16716
16715
16714
21287
21282
21280
21298
21296
16706
21293
21292
16703
14173
14171
14177
11900
11902
11904
11905
14184
14189
14186
11908
11907
11909
14180
11911
11910
11912
11915
11914
11917
11916
9003
14151
14152
9004
14156
15485
15484
9000
14157
14163
9015
9012
15491
14166
15496
14165
15495
9025
14130
16790
9023
14133
9029
9028
9022
14138
14135
16798
14136
16797
9037
15470
14144
15475
14142
15474
9039
9033
9031
14148
15478
15477
9048
16772
15440
14110
16771
9043
9041
15447
16776
15445
15444
14119
14118
16779
16781
9058
9056
9057
16785
15454
14120
16782
14121
15451
9052
15458
16788
15457
14124
15455
15459
9069
22757
19103
19105
22759
19100
19101
9062
22750
9066
9064
10777
10779
10770
10772
19108
10773
20104
20103
19114
21434
21433
21432
19113
19112
22762
22763
21438
20106
10781
10780
19119
22734
21401
9089
22739
9081
21408
21407
9088
21403
9086
6806
10758
10757
6808
6803
6804
10753
22746
21411
9094
9093
21417
22742
22744
10768
9091
6816
10765
10764
6830
10736
6821
6825
10732
22723
22725
6841
6840
22722
10744
6839
10749
6832
5500
6831
5502
6833
6836
5505
5506
10742
5507
6850
5520
10709
10714
10713
10717
6843
6842
6849
5517
10710
22701
6861
10719
10722
10725
10724
10726
5522
6853
6858
20179
6872
5541
19187
4210
19189
6873
19184
19186
16916
6865
4203
20171
6866
4205
4206
5538
6868
5550
5552
6885
20186
19195
19194
19197
19196
19192
16929
16928
5544
20184
20183
16920
4214
20182
5546
6877
5547
6879
5549
4219
20159
6890
19169
20158
20157
5562
6893
4232
21485
19165
6896
20153
19168
21483
4234
19162
19164
19163
20150
5557
21480
4227
4228
5559
4229
5570
20169
5572
21498
4241
19177
4242
5574
5575
21495
5576
19172
19171
19170
16906
6898
20162
5566
4236
21490
16902
16900
19148
21466
20134
19149
19144
19143
4254
21461
19145
22794
19141
22796
22799
4246
21460
4247
4249
4260
5592
5593
21477
4263
21475
4264
4265
21474
20143
4267
19151
19153
5590
20149
22778
20115
22779
20113
20112
4274
21443
20110
19123
22770
19120
22773
22774
22775
22776
21448
20117
4270
21447
5599
10793
10795
10798
4282
21457
20124
4284
21452
21451
19130
22784
20129
22787
4280
20127
4279
4296
14210
15541
16872
4298
4292
16877
14214
16876
15544
14218
15548
16878
16883
15550
16881
16888
14225
16887
16886
16885
14224
15554
14227
16850
16855
15523
15522
16853
15521
16857
15531
16861
14209
14204
15533
15532
14202
14208
14206
15509
16833
20096
15505
15503
15519
15512
15511
15517
16846
15514
16845
20078
19089
19088
19080
16818
16817
16811
20071
20070
20086
19096
19095
19098
19097
19092
19094
16829
16826
14294
9100
14292
9104
14297
14290
9111
9117
9118
9116
10707
10706
9109
14273
9123
9129
9127
9121
14278
14287
9138
14280
9130
14289
9147
15581
15580
9145
14254
15586
15584
15592
9155
15590
15595
14264
15594
9150
9153
9154
9151
14269
14267
9168
16895
15564
14233
14230
9160
9161
9164
9163
14236
16898
14234
14238
9179
15570
15575
9174
14247
15579
14245
14249
22877
19224
21544
19227
19226
21542
19220
19223
19222
9182
20218
9184
20216
20215
21546
22876
10899
6909
10891
10892
10895
19229
6903
21556
22888
21555
21554
9199
20221
19233
22880
22882
9192
21559
22885
20228
20227
6917
6911
6912
6915
19203
19202
21520
19201
19200
21529
21527
21526
22853
10871
6921
19206
10872
19214
22867
20201
20200
19211
20209
22861
20207
22864
21535
5607
5608
5600
6933
5601
10881
6935
19218
5604
6937
5605
5606
22835
22837
6951
21507
21506
22830
5618
10854
10857
6942
6943
5615
5616
10852
21512
22846
21510
22847
22849
5631
6961
21519
21516
22841
10865
10869
5622
5623
6955
5625
10864
6959
10863
5628
22813
22814
6971
22816
22818
22810
4309
10835
10834
10837
10836
5632
4301
4302
6963
22809
6966
5634
10831
10830
6969
22822
6980
6982
22826
22827
6981
5652
22828
6983
4322
22820
10844
10846
10849
5643
6974
4313
4314
4315
6978
10842
10841
6991
5660
20299
6992
20297
6995
20295
15708
15707
15706
4323
6986
20294
5655
4324
6985
4325
6988
6987
5657
15704
4327
5658
20290
15703
15702
15701
5670
5671
4341
5673
4343
5675
4344
15719
15717
15711
4335
6996
15710
6999
5669
15712
5681
4350
20278
5682
4352
20276
19287
4354
19289
5686
20273
19283
19281
20272
5677
4347
20270
4349
5692
4362
5694
4363
20285
19299
19295
19292
4356
20281
5689
4370
4371
20255
19265
4375
20253
19266
20259
5698
4381
4382
19276
20264
20262
19274
4380
20261
20260
21567
22899
19247
4393
20235
21565
4394
20233
4396
20232
20231
4397
21562
20230
4398
4399
19241
19240
4390
22897
21568
22898
22890
20246
21577
19259
20244
20243
21574
19253
21573
19256
20241
19250
13000
16994
16991
15660
16998
14333
14334
13008
13009
14338
15674
15672
15671
14341
15678
14346
14347
14345
14348
16972
15640
16970
14319
14313
15643
15649
16982
14321
15650
16980
16987
14324
15656
15655
16984
14323
16988
14327
15629
15623
15622
15621
15620
15625
15624
16961
14308
14302
15633
16964
15632
14300
14301
15635
9202
9205
20198
20196
16939
15601
20193
20192
15605
15604
20190
16934
15602
9213
9216
9214
9215
15617
16942
15614
16945
13082
13089
13087
10808
13080
10815
10814
10817
10816
13096
22802
22805
10818
9230
10821
10824
10823
10826
10828
13063
14392
13066
9247
14395
9248
14396
14390
13068
14399
13077
9258
9259
9253
10806
10805
13079
14372
9265
9266
14370
14376
9260
13049
14378
13051
9278
14383
14380
13050
9277
13056
13053
14385
14388
14350
9288
14353
13022
15685
15684
13020
14352
9285
13027
14358
14356
15686
14360
15692
15691
14361
15690
15696
14365
9292
9293
9290
14369
13038
15699
15697
18014
19346
21664
21663
18010
21662
22992
20337
19349
18026
20345
20344
18027
19358
20342
21673
20341
19352
21672
20340
21670
19351
18020
20349
21679
21678
18029
5704
22977
21642
22979
19321
20319
22971
21649
22974
20315
21646
22975
21645
5718
10997
5710
5711
5712
5713
19328
5716
18003
22987
18004
21654
22988
18005
22989
19336
20320
19331
21651
19330
5730
22981
22982
22983
21658
20325
5729
5721
5723
19339
18009
19303
22958
22959
5740
19300
5741
21629
21625
21624
21623
5739
4409
4400
19309
5733
5734
5735
19305
4406
5737
10974
5738
19313
20302
20301
19315
21630
5750
4420
5752
19310
4421
21638
22961
20306
21635
22964
4419
10987
10989
10988
5742
5743
5745
10980
5746
19316
4416
22933
4430
22938
21607
21606
22930
10956
10955
10958
4424
4425
5757
4427
4428
10951
22945
22946
22947
4440
4442
5773
4443
21619
21618
21612
10967
10966
4433
5766
4436
10960
10963
4450
4452
5783
18099
5784
4453
5785
18096
18091
18093
15828
15827
5776
4446
4447
4448
5791
4462
5794
14508
14509
14506
14507
14500
4456
5788
4457
5789
15835
14502
15834
14503
4470
20399
18076
18077
20395
20394
18072
18073
15809
15808
20392
4468
4469
15802
15800
4480
18088
18083
18084
18086
15818
15817
4479
15814
4491
19389
4492
20376
19386
20375
4496
20374
4497
20372
4498
18053
4490
20371
18068
18061
19395
19391
20382
19368
20355
18038
21685
21684
21683
18034
19360
18030
19362
20359
20358
21680
20366
21696
20364
18043
20363
19374
19377
21693
21692
19371
18041
20369
20360
21690
14452
14453
15783
14450
14451
14454
13124
13129
15790
14460
15795
15794
13133
13137
15798
13138
15761
13103
14434
15765
13102
15769
13105
14437
15773
13111
15771
15777
14446
13115
15776
15775
15774
13118
14447
13117
14448
15778
9304
15740
9302
9303
14418
15744
14411
15741
14416
15748
15747
15745
9311
9315
9316
14423
9309
9306
14421
9307
14426
9320
9326
15729
15722
15724
9333
9331
8007
14409
15739
14408
15738
15732
14406
15735
14404
15734
22910
8014
22911
9342
8012
22914
9349
8015
22916
8016
9340
9341
8010
10932
10931
10933
10936
10938
22908
9339
22922
9353
9354
22926
22927
8026
8027
10939
8020
10944
22918
10940
13184
9367
13181
8033
13182
13185
8038
10906
10909
9362
8031
9363
9360
10914
10913
9377
8047
13195
9378
22902
13198
22904
8048
9379
22906
9370
10919
8040
9371
10920
10927
14492
8058
13162
38461
8056
13165
14497
13164
14495
9381
8052
13168
14499
13172
13173
9392
8061
9390
9395
8062
8063
9394
10902
13178
13179
8077
8078
13143
13141
13142
8075
8073
13148
13146
14481
13155
13152
8084
8085
14487
13157
5800
5801
19467
20454
18131
21783
20452
20451
21782
20450
18134
8097
8098
21788
5816
5817
5810
5811
5813
5815
21798
18147
19477
18148
18144
18145
21791
19470
18140
20469
21799
20468
5829
21790
5820
5821
18114
21763
19447
18115
18116
19446
20431
21762
19441
21761
18110
18111
5840
20438
20436
21766
5831
5832
5833
5834
19449
4504
4505
5837
20445
20444
20443
21774
5850
18123
4520
20447
21777
4518
4512
5844
18128
4515
18129
4516
20412
20411
19422
20410
19420
20419
20415
4529
5852
5853
5854
4523
4524
19427
5856
4526
19426
19429
5858
19428
4528
5859
18104
20420
21751
5871
4541
18100
5872
19431
21759
21756
5864
18106
5868
4538
5869
18109
19439
19401
21721
19400
19403
5880
5882
4552
4553
21727
21723
4544
19408
4545
5876
4547
19404
4549
21732
19412
20401
21731
5890
19414
19410
4564
21739
21738
20406
20404
21735
21733
19419
5886
5888
19415
19417
4572
14618
15947
15940
4568
4569
14614
14615
15944
14612
4581
4583
4584
4576
15952
4577
14625
14626
15955
4590
4592
4593
4594
4595
18199
18193
18190
15928
15929
15920
15924
14608
15936
14603
14602
20497
20495
20493
18171
18170
15905
15908
20492
15902
15900
18188
18185
15917
15916
15912
15910
19489
20477
18158
18159
18153
18154
20471
19481
18151
20470
18169
20487
20486
18165
19498
20482
19492
13242
14571
13246
13244
13254
14585
13252
14583
14588
13258
14551
9403
15883
15881
9401
9402
15880
14550
15887
13225
14556
15886
14553
13228
14558
9410
15890
14562
13232
15893
14563
9415
14561
13236
14567
14564
15896
13239
15899
15861
9423
14539
9418
14531
14537
13206
15868
14538
14535
15867
8101
9430
8100
9431
15872
14540
8105
9437
14541
15870
8103
9435
13219
13213
9429
15874
15873
13212
13217
13218
14547
13216
9444
9441
9442
9446
15849
15843
9438
8107
14510
15840
9439
14514
9455
8121
9453
8127
9451
14528
15859
14529
15854
8118
14520
14521
15857
14525
9466
8133
9462
8131
21701
9460
8146
8143
8144
9475
8149
9479
8148
21718
21716
21715
8142
21713
9470
21712
21709
21708
9487
9488
9485
8158
9489
8152
9483
8153
8150
9482
8151
8167
8168
8163
9492
9493
13281
13286
13287
13285
8173
13289
8189
13293
8187
8185
8186
8183
5904
5905
5907
13261
14595
14596
13262
14594
8192
8193
8190
8197
8194
5915
5916
5919
14599
14598
13272
13275
13273
5927
5920
5923
20577
19587
20576
18258
18252
18253
19585
18250
18251
4606
5937
4607
4608
5930
4600
4601
4602
5934
4605
18267
19599
19595
18263
20581
5950
19591
19590
4617
5949
4619
5940
4610
5941
5942
5945
4614
19565
18235
21885
19567
19562
19561
20550
19563
19560
20558
21888
20556
5959
4620
5951
4621
5953
5954
4623
4624
18239
4627
5958
18245
20566
18247
21894
20563
18241
21893
19574
19571
18240
19570
20568
21899
20567
5962
5966
4636
4637
18212
21864
18213
18214
20531
19545
20530
4651
5982
18210
4652
19541
21869
20537
21868
20535
4642
4644
5975
4646
19547
5978
4647
4648
19549
20544
18224
19554
21873
21872
21876
4654
5985
5986
4657
4658
20510
4672
20519
21848
20514
20513
21844
5996
4665
5997
4666
5998
5999
19525
19528
19533
18201
19535
18204
21850
19531
21859
20528
21858
20525
20523
4679
18206
18208
19538
4690
4694
4695
4696
14739
4686
13400
4688
14730
14748
13418
4697
4699
14741
13415
13416
14715
14716
14719
14710
14712
14720
14721
18296
18293
18294
18295
18291
14707
14709
18278
18274
20594
20593
18272
20590
18285
18286
18288
18283
18284
14690
14691
9503
14693
13362
24018
24019
24010
24011
13367
12035
14698
12034
13368
14696
13366
14697
12040
12042
9513
24026
24027
24028
24020
24022
12046
13379
12048
9504
12047
12049
9520
9521
14672
14673
25327
12013
9517
9518
12015
13344
14675
13349
12017
14678
8200
9531
8201
14683
13350
8202
9534
8203
14682
24005
24007
13356
9528
13357
14688
14685
13355
14686
9527
14689
9543
8210
9541
15982
14650
8216
15981
9544
15980
8214
9545
9539
8208
14654
14655
13324
15984
9537
8207
13322
13327
14656
14657
9553
8223
8220
9551
8221
8226
15992
8224
9550
15997
12002
15996
13332
14663
12004
8218
13333
13338
12005
13339
12008
13336
15998
8233
8231
15960
8238
13308
15964
13302
15962
14630
14631
8229
15968
13306
14634
8245
8242
8249
9572
14649
13312
13313
14641
14647
13314
14645
19500
8255
19501
8259
21825
8251
8252
9580
24093
24094
24095
24096
24098
19507
24091
19505
21831
9597
20500
19510
21830
9595
19513
9599
20507
21837
20506
21836
21835
20503
21834
21833
8260
8261
21829
33804
19515
19514
33800
19516
12095
12094
8276
12099
36068
21805
8270
21804
21803
8273
21802
24071
24072
24073
24075
24077
21817
8281
21815
24083
24086
24088
21808
24089
12071
8297
8298
12072
12077
12076
24058
8295
8293
24051
24053
12079
12078
12083
12085
12087
24062
24067
13386
13383
4705
4707
24031
24034
13391
24046
24048
24042
24044
13399
4712
4713
4714
20698
17046
20697
17048
17049
20694
18374
18375
17045
18376
17040
17041
20699
29021
20690
4721
4723
17055
18381
17052
18383
4731
18355
17024
19687
18356
19689
20673
20671
17021
19682
19685
19684
18359
4746
20687
17036
19697
18368
17038
18362
20683
19693
18364
4761
19695
20689
20688
4755
4758
4759
17002
19665
18333
19664
21984
18334
17004
20652
20651
17005
18336
20650
19661
18330
21980
19662
18332
21989
20657
21987
21986
4763
4764
17006
19669
4768
4769
18345
20663
21993
17016
4780
18341
17010
19671
17011
19674
17012
18343
19673
20669
20668
18348
4778
4779
17019
18311
21962
4790
18314
4795
20639
20638
20633
4785
4786
18316
19649
18317
19648
19654
21973
20642
20641
21972
19656
18324
19651
21979
21977
20646
21976
4799
19658
18328
3486
3483
3482
3481
13521
14853
14851
13520
13525
14856
13523
13524
3490
12208
14869
13538
13539
3487
14864
14861
12202
14862
12204
13534
12205
14838
13508
14837
3498
14830
14834
13504
13502
13516
13510
14845
13515
13512
14843
14844
17086
17088
17089
17084
14816
14817
14819
14812
14810
17097
17098
17095
14825
14823
17068
17065
18396
18398
9600
17061
29040
17079
17075
17072
14805
14803
14804
14809
9607
12150
9623
13484
13485
12151
9624
13482
9621
12153
13488
12155
12158
9615
13487
12159
13491
13490
8303
9635
12164
12167
9627
12169
9625
13497
13498
8310
8311
12130
8314
13462
9645
8315
13460
9644
24111
14797
13467
14798
9636
14795
8306
9637
13465
12135
13469
9653
13470
9650
8320
8325
9657
12143
13472
8324
13477
12144
13475
12149
12148
13479
8330
7002
7001
9662
8331
9667
13440
14772
8334
12110
9666
14770
8335
9660
12119
8329
13445
9658
12114
8327
8328
13449
14777
8343
9675
8344
9678
14782
13452
9679
14783
14780
13450
24101
24103
9670
9671
24107
24100
12123
14787
12125
12124
12126
14789
13458
8354
9686
8355
7023
8358
7025
14750
7028
9681
8350
9682
13428
13422
8349
13421
13427
14756
13425
8363
8364
9695
8369
13430
8361
9692
9693
9690
13431
12102
12105
14768
13436
14767
19620
7043
7045
20617
21948
21946
20614
8370
7041
20611
21942
21939
19627
19626
19632
21952
18300
21951
7054
8388
19634
8386
20628
20627
20626
7051
8383
20622
7052
18304
19600
7067
21925
7061
8395
21922
21920
21919
19606
19602
19611
20606
21937
20605
21936
20603
7072
20600
12192
12191
12195
7080
7082
4804
4807
4809
4803
7099
21916
7095
21910
21906
4810
4811
4812
12172
12174
12173
12178
12182
12187
3504
3503
12189
12188
4834
3507
4835
17167
17168
17165
4850
17162
3513
3512
4842
3518
17178
17174
17176
3530
17170
17172
3527
3526
14902
14908
3520
14907
4851
4852
14900
14901
4856
4858
17145
20796
18477
18472
20793
17142
20791
17144
18471
17140
20799
20798
3538
3536
3531
17149
4869
18488
17152
4880
4882
18485
3551
18481
3546
3544
3543
4873
4877
4878
4879
17124
20774
18455
17126
18457
20771
18450
18452
17122
3563
3562
19780
3560
20778
20776
3559
3557
3555
3553
4884
4886
18458
4889
17128
17134
19797
20786
19796
19798
17137
19792
17131
20780
18463
17133
19791
3572
19790
18460
3571
3566
4895
17138
18469
20753
20752
17103
20750
18430
19762
18431
19761
17100
3585
3583
3582
20757
20756
3578
17109
19768
17105
18436
19767
18438
20764
18443
18444
20762
18446
20760
19771
18441
3593
20768
20767
20765
18447
17118
12318
12317
13648
3597
12310
13643
12312
13640
13641
14976
12321
13653
12325
13658
14989
14986
14987
12326
13628
14957
14958
13627
13620
14952
13621
13624
13622
13623
14954
12307
14968
13638
14962
13630
14966
14964
9700
14937
13607
14936
13605
14939
13602
14933
9712
9710
14949
13615
13616
9703
17189
17187
17188
17182
17183
17184
14917
9713
14911
9733
8402
8400
17199
17192
14926
14927
14928
14929
9726
14920
12271
9744
8413
8414
9745
12275
12277
8407
9738
12279
8404
9735
9736
12282
12284
8424
8425
12283
8422
12285
9754
9748
8415
9747
12289
8419
9763
8432
13580
8430
7100
13583
13584
9767
12250
8433
9764
13581
12252
8434
9759
8429
12257
9757
13585
12256
9758
7110
9773
9774
8443
9772
12262
13595
12263
8439
12268
8438
12267
8453
9784
8454
7123
8451
9783
7122
9788
7125
14892
14893
7124
12231
9786
7127
14891
7126
9780
13565
14894
13563
14895
12234
12238
14899
9793
9794
7133
13570
7138
8467
8460
9790
13577
12243
13579
7143
8473
8474
8479
13540
14871
7149
8471
8472
7141
14874
14875
14872
14877
7153
8485
8489
8480
7151
14886
13556
20731
8497
19741
20730
7167
7168
19740
8499
20738
7162
18418
19746
18415
18416
19748
19747
7176
20741
20740
7177
19754
20749
7170
20745
7173
19757
18426
18428
7187
19722
20717
20713
20710
4905
4906
4907
20709
4900
4901
4902
19725
19731
7197
19730
7199
20728
20726
20725
7194
20723
20721
20718
19738
18408
18409
4910
19736
18406
4926
19705
4920
19704
19711
19710
20702
3604
4938
4939
3600
4930
4931
19718
19715
3606
4935
3612
3610
4942
4943
3619
3618
4946
3626
3624
4950
4952
4953
4954
4956